[+]  0.01
[*]  Null; Sigmoide; Sigmoide; 
[#]  2, 16, 1
-20.0847880972072 21.289738955573277
-1.648304119755248 -0.5369178151017172
-1.1878593410607958 -0.8648059510745714
-0.4968175539198623 -0.30348859588440535
-0.9915121052044473 0.20535737932920062
0.1358446046510373 0.08337978783627693
2.9051451191814426 -2.0055344811322726
2.2601085083834134 2.7979739858285875
21.7730541411098 -20.598203795042036
-1.3815684404224342 -0.9111405514138338
-1.586575492017377 -0.8332058673012867
-0.9515447806429925 -0.5402380273329597
-0.33680371981783974 -0.8822616439157113
1.049594707467344 -0.532900444507445
-2.135952583151329 3.1656292526711756
-0.6361255580793843 -0.520275040056769
---
18.847277158699136 0.8111320170321684 -0.15129551763273438 -0.7881867732653723 -0.5945420087375506 -1.125265142336562 2.8880408159780595 -26.66566304955068 18.14652488271272 -1.149434141886818 -0.8226950822902361 -1.7927197493131615 -0.010268917537473613 0.0296888605026597 3.6794332682565454 -1.2707614575710442
---
